    0.0000        0.0000      Infinity
    3.6000        0.0629       15.8945
    7.2000        0.1263        7.9158
   10.8000        0.1908        5.2422
   14.4000        0.2568        3.8947
   18.0000        0.3249        3.0777
   21.6000        0.3959        2.5257
   25.2000        0.4706        2.1251
   28.8000        0.5498        1.8190
   32.4000        0.6346        1.5757
   36.0000        0.7265        1.3764
   39.6000        0.8273        1.2088
   43.2000        0.9391        1.0649
   46.8000        1.0649        0.9391
   50.4000        1.2088        0.8273
   54.0000        1.3764        0.7265
   57.6000        1.5757        0.6346
   61.2000        1.8190        0.5498
   64.8000        2.1251        0.4706
   68.4000        2.5257        0.3959
   72.0000        3.0777        0.3249
   75.6000        3.8947        0.2568
   79.2000        5.2422        0.1908
   82.8000        7.9158        0.1263
   86.4000       15.8946        0.0629
   90.0000    **********       -0.0000
   93.6000      -15.8945       -0.0629
   97.2000       -7.9158       -0.1263
  100.8000       -5.2422       -0.1908
  104.4000       -3.8947       -0.2568
  108.0000       -3.0777       -0.3249
  111.6000       -2.5257       -0.3959
  115.2000       -2.1251       -0.4706
  118.8000       -1.8190       -0.5498
  122.4000       -1.5757       -0.6346
  126.0000       -1.3764       -0.7265
  129.6000       -1.2088       -0.8273
  133.2000       -1.0649       -0.9391
  136.8000       -0.9391       -1.0649
  140.4000       -0.8273       -1.2088
  144.0000       -0.7265       -1.3764
  147.6000       -0.6346       -1.5757
  151.2000       -0.5498       -1.8190
  154.8000       -0.4706       -2.1251
  158.4000       -0.3959       -2.5257
  162.0000       -0.3249       -3.0777
  165.6000       -0.2568       -3.8947
  169.2000       -0.1908       -5.2422
  172.8000       -0.1263       -7.9158
  176.4000       -0.0629      -15.8946
  180.0000        0.0000    **********
  183.6000        0.0629       15.8945
  187.2000        0.1263        7.9158
  190.8000        0.1908        5.2422
  194.4000        0.2568        3.8947
  198.0000        0.3249        3.0777
  201.6000        0.3959        2.5257
  205.2000        0.4706        2.1251
  208.8000        0.5498        1.8190
  212.4000        0.6346        1.5757
  216.0000        0.7265        1.3764
  219.6000        0.8273        1.2088
  223.2000        0.9391        1.0649
  226.8000        1.0649        0.9391
  230.4000        1.2088        0.8273
  234.0000        1.3764        0.7265
  237.6000        1.5757        0.6346
  241.2000        1.8190        0.5498
  244.8000        2.1251        0.4706
  248.4000        2.5257        0.3959
  252.0000        3.0777        0.3249
  255.6000        3.8947        0.2568
  259.2000        5.2422        0.1908
  262.8000        7.9158        0.1263
  266.4000       15.8947        0.0629
  270.0000    **********       -0.0000
  273.6000      -15.8945       -0.0629
  277.2000       -7.9158       -0.1263
  280.8000       -5.2422       -0.1908
  284.4000       -3.8947       -0.2568
  288.0000       -3.0777       -0.3249
  291.6000       -2.5257       -0.3959
  295.2000       -2.1251       -0.4706
  298.8000       -1.8190       -0.5498
  302.4000       -1.5757       -0.6346
  306.0000       -1.3764       -0.7265
  309.6000       -1.2088       -0.8273
  313.2000       -1.0649       -0.9391
  316.8000       -0.9391       -1.0649
  320.4000       -0.8273       -1.2088
  324.0000       -0.7265       -1.3764
  327.6000       -0.6346       -1.5757
  331.2000       -0.5498       -1.8190
  334.8000       -0.4706       -2.1251
  338.4000       -0.3959       -2.5257
  342.0000       -0.3249       -3.0777
  345.6000       -0.2568       -3.8948
  349.2000       -0.1908       -5.2422
  352.8000       -0.1263       -7.9158
  356.4000       -0.0629      -15.8946
  360.0000        0.0000    **********
